//NOTE this file produced does not include spaces between integers.. I used a vim macro for that.

00000000012
00000000022
00000000031
00000000041
00000000051
00000000061
00000000071
00000000081
00000000091
00000000101
00000000111
00000000121
00000000131
00000000141
00000000151
00000000161
00000000171
00000000181
00000000191
00000000201
00000000211
00000000221
00000000231
00000000241
00000000251
00000000261
00000000271
00000000281
00000000291
00000000301
00000000311
00000000321
00000000331
00000000341
00000000351
00000000361
00000000371
00000000381
00000000391
00000000401
00000000411
00000000421
00000000431
00000000441
00000000451
00000000461
00000000471
