-1.4202 -1.77816 -0.469099 -0.855836 1.53603 -0.678992 -1.67844 -0.372598 -0.16317 0.689787 -0.939281 -1.04196 0.024291 -0.579348 -1.02775 0.455571 -0.225059 -1.02244 -1.04176 0.743213 -0.624366 -0.506318 1.11171 1.02411 0.31913 1.19033 0.101883 1.17654 -2.03617 -1.09196 0.404797 -1.64258 -0.920729 0.269731 -0.193293 -0.0329262 -1.07353 0.174411 0.46226 1.23942 -0.568617 -1.66426 0.0356591 0.673469 1.21616 0.920355 1.5283 -0.245785 0.125513 -1.37478
1.05706 -0.117631 0.701869 -0.161871 1.36326 -0.574676 -0.482577 -0.841322 -0.00573198 2.10955 -0.201867 -1.19437 -1.28118 0.280359 -0.980405 0.922411 0.677231 0.148093 1.5322 1.83066 -0.802824 -0.820451 -1.10113 1.28243 -0.367415 -0.0363813 0.179679 0.765176 -1.83658 -0.967332 0.0596574 1.47244 -1.02361 1.0348 1.80715 -0.00984302 -1.2824 -2.31279 0.118093 0.283945 -0.0712409 -0.031664 1.36335 -0.328833 0.536268 -0.136529 -1.08368 0.595523 0.553121 0.470737
-0.919544 0.358795 -0.727263 0.268871 0.577876 0.65473 -0.481862 -2.30692 1.00051 0.0052362 -2.76875 -0.62145 0.22025 0.528257 0.79303 -0.236808 -1.11059 0.239587 0.544386 -0.0132065 -1.27692 0.205259 -0.573885 0.519501 -0.115401 -1.09256 1.66003 0.278416 1.07202 0.448848 -0.219141 1.64423 0.865109 0.710278 -0.552372 0.617744 -1.14802 1.07444 1.05095 0.165505 2.08866 -1.33916 0.180862 -0.41091 1.39091 -0.69776 -1.21039 0.774672 0.971989 0.42805
0.206558 -0.248253 0.308406 -0.974777 -1.65335 0.101657 0.125537 -0.945508 0.96343 -1.23897 0.772892 -1.03319 0.0384787 0.439667 -0.532285 0.703395 -0.436267 0.0447817 -0.288311 1.20944 0.599763 -1.24743 0.0154035 1.79006 1.20657 0.390263 0.0827487 -0.690157 0.841255 -1.95648 1.32085 -1.24344 0.079072 1.2256 1.34869 -1.11688 0.591897 -0.500587 0.961842 -0.438248 -0.434517 -0.27412 -0.981082 -1.28579 0.255755 -0.15009 -0.190005 1.03063 0.437126 -0.673674
-1.28649 0.906384 0.379096 -0.0688866 1.03891 -0.427299 1.43497 -1.62248 0.272398 0.726557 -0.96194 -1.19487 -0.361407 -0.471193 0.587274 2.40483 1.60019 -1.07975 0.573517 1.13239 -0.783896 -0.114179 0.564558 0.19502 -0.465377 -1.64237 -0.326381 -0.505726 0.553353 0.261399 0.21245 0.536693 -0.00776715 0.677736 -0.165071 0.104411 -1.61027 -0.498568 -0.547265 0.0630964 -1.87122 -0.815456 -0.330907 0.941287 0.054467 -2.15309 -1.5473 0.598381 1.25999 1.2856
-1.05941 1.36649 1.33168 -0.206607 -2.22777 0.196027 0.260782 -0.537108 0.447881 0.058306 0.520581 -0.798459 0.934256 0.268565 1.46897 0.247806 -1.14856 -0.361029 0.506575 0.329712 -0.735817 0.244573 -0.131822 -2.21788 -2.04964 0.435695 -0.500566 1.61353 0.0229371 1.04756 1.78974 -0.496664 0.337807 1.29279 1.0562 -0.823029 -0.87418 0.699219 0.69453 0.283188 -0.212725 0.0787362 -1.0804 1.22665 0.46442 0.130589 -1.07963 -0.154882 1.88185 -0.0490106
0.445504 1.44233 1.23309 -1.33941 -1.10429 -0.244567 -0.0491215 0.196285 0.878551 -1.61719 1.58608 -0.607237 -1.05158 0.537498 -0.319757 -0.282958 -1.75731 -0.371145 0.551518 -0.24586 -0.24548 -0.578215 -0.649347 1.13207 0.933259 1.39819 -0.801501 0.0908561 -0.580995 -0.749613 0.58327 -0.467217 -0.364019 1.42348 0.0416435 -0.662552 -0.514877 -0.802711 0.58701 -1.67578 -0.576679 -0.516238 -0.941928 -0.785108 -0.038678 -0.385247 0.176856 -0.0428548 1.45819 0.0160408
-1.79877 0.891848 0.0118326 -0.861076 -0.565213 -1.10702 -0.436744 0.534756 -0.762702 -0.0314682 -2.10538 -0.918278 -0.407701 -0.733711 -0.497003 2.28458 1.24464 0.7948 0.530446 0.666652 -1.37527 0.0542833 0.61338 1.11 -0.25861 -1.10506 0.0067159 2.1745 0.166219 1.62615 0.534673 0.44982 -2.34491 0.0929599 0.111489 1.08723 -0.731212 0.61352 -0.532455 0.307235 -1.27431 -0.823461 -0.163025 0.58957 -0.103764 -1.45676 -1.0161 0.269322 0.910622 -0.0774909
-0.157011 -0.544171 1.18693 -0.435675 -0.409306 -0.826904 0.7234 0.127387 1.56369 0.361133 0.196628 -0.439797 0.310141 -0.338562 0.501216 0.123775 -0.638294 -0.301565 1.15781 1.99464 -0.484247 0.462887 0.223646 -2.09555 1.19223 0.567396 -0.967733 0.140368 0.194639 0.00523658 1.17198 -0.700482 0.83227 0.905456 -0.334309 -1.08066 -1.28232 0.0872085 1.12828 0.729533 -1.91088 -0.554815 -1.09423 2.6434 1.04534 1.10939 -0.570557 -0.729872 1.74919 0.224588
-1.03682 1.77856 -0.693547 1.5948 1.5799 0.859243 1.15221 -0.976317 0.745304 -0.494589 0.308086 0.25239 -0.1976 1.26203 0.813864 -0.940734 -0.215163 0.11645 0.525697 1.95766 0.394232 1.27717 0.710788 -0.389351 0.161775 -0.106038 1.14148 0.607948 0.189781 -1.06022 0.280702 0.0251156 -0.198067 2.33027 0.408584 0.350751 -0.351293 1.77318 -0.723457 -0.13806 -1.47247 0.541779 -2.57005 -0.227714 -0.817816 -0.552209 0.360149 -0.10278 -0.36428 -0.64853
-0.61184 -0.0779041 0.321026 1.96823 1.02933 0.045761 0.392092 -1.51609 -0.890251 2.1208 0.785459 -0.818556 -0.876174 -0.631355 -0.269726 1.72669 -0.408039 1.5258 -0.597404 0.159731 0.204373 -0.0237272 0.0798708 1.29062 0.474488 -1.06001 -0.719738 0.363273 0.773377 -0.0463713 0.722914 1.02694 -0.0777885 2.56401 -0.386811 0.546308 0.397772 0.707815 0.76093 1.12823 0.480487 -0.990868 1.45238 -0.485002 2.51891 0.548658 -1.17244 -1.24174 1.36669 -0.114031
-1.24621 -0.614255 0.3614 -1.37468 0.0137168 -0.866668 -0.581145 -2.09338 0.367163 1.2087 0.92284 0.448195 1.58874 0.596502 0.53335 0.163529 -0.717401 0.967786 0.687355 0.00737415 1.3976 1.47886 -1.66594 -0.475614 -1.75058 1.54789 0.0868564 0.566268 1.26794 -1.20113 -0.0395798 -0.76438 0.223221 1.14789 -0.188687 0.264337 -0.743234 0.675737 -0.844032 0.482531 0.256147 0.38676 -0.426494 0.951544 -0.791961 -0.955724 -0.426239 0.0692023 0.738278 -0.334783
-0.0664335 -0.169104 -0.107782 -1.16959 1.70738 0.697106 -0.819087 0.266313 -1.08463 -0.619686 0.338519 -1.34517 0.758125 0.171826 -0.86451 0.948554 1.14141 -1.40546 0.472006 1.3859 0.179484 0.345274 -0.525065 0.813772 -0.386274 -0.44053 0.821619 1.13767 -0.645065 -0.608829 0.993586 -0.0754916 -0.934398 1.96718 0.705519 0.472874 -3.16359 -0.738756 0.247753 1.09656 -1.50026 -1.02104 -0.60975 -1.02076 -0.216731 0.629631 -0.977576 -0.590819 -1.2663 -0.0349852
-1.13113 -1.16468 -1.11983 0.454758 0.778014 0.342452 -1.42668 -0.609067 -0.481011 1.0228 -0.163033 -2.95715 -0.896267 0.00952453 -0.430417 1.43122 0.369632 0.853932 -0.630669 1.19885 -0.493931 -0.0349279 -0.487635 0.604306 0.271283 -1.11533 0.761431 1.38514 -0.948617 -0.53985 1.1684 -0.510477 -0.626953 -0.518062 1.08955 -0.628048 -0.815253 0.424131 -0.475541 2.34025 0.0349437 -1.08079 0.718018 -0.570446 0.421298 0.420259 1.50283 -1.12616 -0.432969 -0.676689
0.77982 0.671204 0.13645 -0.964334 0.0672282 -1.32581 9.34013e-05 -0.477862 -1.13708 0.210402 -1.03244 -0.493442 -1.45537 -0.143323 0.373418 -0.390911 -0.702332 -1.2081 0.660896 -0.48471 0.242922 0.00200426 0.225915 -1.8923 1.7769 -0.337381 0.914948 -0.439266 -0.307371 0.877048 2.22272 -1.24684 0.17736 0.362421 -1.09134 -0.681917 0.0869792 0.173298 1.96052 0.938179 -0.00673573 -0.288189 -1.5516 0.991333 0.817848 -0.755571 -1.44705 -1.0327 1.56682 0.549832
-0.152682 -0.0433075 -0.147057 1.33552 1.75644 1.55011 0.00240367 -1.43763 0.589838 1.41951 1.07028 0.426767 1.70885 0.654621 -0.975775 -0.930456 0.360927 1.48082 1.18269 0.847487 -0.229246 0.215861 -0.28674 0.533739 -0.0727584 -0.18276 -0.371179 0.613217 0.419986 -0.473249 0.251258 2.25506 2.41782 0.9604 -0.467251 0.387155 0.0532507 0.0365159 0.282304 0.00729426 1.12459 0.197905 1.84937 -0.945899 0.145188 0.968086 -2.20306 1.40707 1.61852 -0.220549
0.572281 -0.65467 -0.646812 -0.606096 2.53369 0.401352 -0.882491 0.0249194 0.038688 0.0528169 0.817438 -1.67473 1.12761 0.0216549 -0.840503 0.973503 0.157122 -0.869118 0.390253 1.91856 0.81119 -0.331505 -0.195426 0.547238 0.428294 -1.15374 -0.712408 0.882491 -2.34675 -0.492555 -0.0574993 -0.769785 -0.536831 0.820247 0.443333 0.266236 -1.592 0.354399 1.37881 1.01443 -0.47091 -2.095 -0.401773 -0.177688 0.0823776 1.37513 0.287243 0.0624797 -1.84158 -1.19161
-1.03341 1.30172 -0.949738 -1.2454 -1.44771 0.889172 0.286641 -0.581183 2.07027 0.396208 0.177377 -0.151512 -0.00790949 0.0319842 0.126063 -0.673515 -1.38248 1.09316 0.0260884 0.698637 -2.20509 0.951487 -0.797148 -1.13448 -0.975709 -0.389098 -0.431684 0.356276 -0.316656 0.114694 1.50884 -0.590851 0.129271 0.627117 0.86725 -0.101816 -1.49119 1.06808 1.04063 -1.21325 0.15694 0.383691 0.934619 1.02022 1.74855 -1.47949 -1.05014 -1.00958 -0.130679 0.159103
0.551297 -0.59571 -1.52902 -0.679102 1.48781 0.334885 -1.25334 0.62194 -1.04895 0.274191 0.866903 -1.82227 0.708414 -0.439505 -2.48426 1.01772 0.521634 -0.912618 -0.924137 0.665418 0.36327 -0.522954 -0.220083 1.51086 -0.266517 -1.00302 -0.450253 1.69948 -1.50968 0.622631 1.13322 0.201623 0.138502 0.776369 0.300196 0.17191 -2.40554 1.29895 0.619433 0.150688 -1.1776 -1.02218 -1.25217 -0.638008 -0.562676 0.592952 -1.07321 0.403539 -0.735172 0.192466
-0.706024 -1.68568 -1.86807 -0.28106 1.17046 -0.751067 -1.14514 -0.401003 -0.569673 1.00679 -0.18989 -2.61656 0.108312 -1.03989 0.0500759 0.995688 -0.130517 -0.256513 -0.817726 0.741313 -0.150842 -0.151046 -0.885205 1.45749 -0.130333 -0.729318 0.588856 1.88564 -0.447591 -0.490976 0.92098 -0.491381 -1.42233 -0.0319479 0.26768 0.223135 -1.41799 0.342454 -0.0496596 1.25951 -1.05911 -0.366959 -0.533629 -0.771875 1.45638 1.81032 0.764628 -1.41952 -0.275688 -0.48265
0.072465 0.112589 0.984585 -1.3672 0.421932 0.739997 1.33403 -1.73178 -0.6813 0.930364 1.18266 -1.18603 -0.466607 -0.684939 0.91779 -1.00792 -1.58736 -0.927719 0.821359 0.144177 0.503475 -0.200024 -0.0851641 1.78768 0.570953 0.641231 -1.16644 0.475106 -1.76832 -0.364364 -0.942457 0.41547 0.434764 0.753256 -0.779777 -0.0609828 -1.1148 -2.10854 2.03693 0.879917 -1.30761 -0.343191 0.199564 -0.822028 -0.418151 0.709578 -0.652037 -0.761614 -0.492212 0.510393
-1.57991 -0.849964 0.0238778 -0.278954 1.12847 0.0533235 -1.04845 1.36254 -0.857923 1.25426 0.488831 -2.39254 -0.598678 0.211923 -1.19978 1.00556 0.0679199 -1.27098 -1.74531 1.17547 0.246847 -1.08331 1.42499 0.294529 0.577241 -0.486107 -0.130614 0.459188 -2.31253 -0.846947 0.0622877 0.337667 0.575456 -0.700756 0.518641 0.502605 -0.169931 1.19915 -0.694524 1.00612 0.0671327 -1.82303 -0.00953657 -0.213786 -0.157068 0.907884 1.56359 -0.397475 -0.0846802 -1.90415
-1.14703 0.511579 -1.29965 0.280772 2.22751 -0.335104 -0.982113 0.367882 0.670074 -0.115748 0.650648 -2.07611 0.309585 0.567526 -1.56994 0.92312 0.197284 -0.10431 2.01479 1.64252 1.14309 -0.591525 0.0763205 0.149096 1.09572 -0.713816 0.167697 1.59114 -1.42423 -0.369078 0.104663 -0.191561 -1.18469 0.424499 0.896617 0.673879 -1.73166 0.270822 -0.180145 0.542164 -1.16127 -1.17977 0.0857446 -0.626611 -0.125225 0.939754 -0.212713 0.578649 -1.06315 0.0991193
0.937002 -1.2832 -1.22214 -0.379283 -0.294199 -0.680906 0.577112 0.882554 -0.250016 0.0630754 -0.499085 -2.6201 -0.787634 -0.701872 0.695011 0.240343 0.49189 1.96764 0.799201 -0.0917637 1.2483 0.526541 -0.721324 0.394608 -0.280709 -0.918822 0.345117 1.41944 1.19945 -0.70404 0.549661 0.108387 -1.72492 -1.87941 -0.317681 -0.470963 -1.28003 0.79165 -0.40528 1.08263 -1.10267 -0.505612 0.911074 1.56208 1.21023 1.76384 0.74933 -0.319231 -0.4389 0.109545
0.628754 -0.708372 -0.226598 0.305579 -0.835875 -0.545606 0.889345 -0.883496 -1.11348 -0.373288 0.252977 -0.37926 0.0805677 0.80778 0.590788 1.09135 -2.07812 0.926464 0.367727 0.770197 -0.624679 -1.07755 -0.0820307 0.766633 0.397137 1.80722 -0.810287 0.457781 -0.16348 -0.976334 0.189054 0.737602 -2.00852 -0.0558663 -0.335822 0.28509 0.109228 -1.29659 2.52406 0.26333 -0.389417 1.12468 -0.49429 0.297379 -0.671344 0.642579 -0.515911 -1.11318 1.8606 0.495105
-1.23007 1.12746 0.780237 -0.869126 0.00792345 1.58441 -0.300751 -1.24138 0.0468122 1.03296 1.19587 1.23703 -0.370121 0.309468 0.722462 0.881288 -1.95735 -0.326276 0.999613 -0.331132 1.47728 1.30782 -1.13879 0.0499048 -1.13105 1.59251 -0.0812408 0.633322 0.0572019 -0.203581 0.427686 0.110217 0.817894 -0.582235 1.63993 0.540512 -0.893562 -0.0608149 -1.24784 -1.24451 0.522523 -0.308456 0.522599 0.801351 0.228718 -0.738569 -0.517798 -0.42544 -0.918182 0.537182
-0.124494 0.522494 -1.63825 1.19275 -1.12995 1.34807 0.256256 -2.36997 -0.67457 0.33953 -2.23168 -1.09074 0.55473 1.20675 1.19863 -0.329147 0.0957122 -1.01793 1.28353 0.042727 0.401687 -0.528303 0.17855 -0.539966 -0.276202 0.668546 -0.419668 0.865822 0.371023 -0.302899 -0.138791 0.902011 -0.410331 0.0351244 -0.212655 -0.424723 -1.20364 1.29368 1.11933 -0.736813 2.12944 -1.21457 1.27041 -0.735014 0.827069 -0.745823 -0.599062 1.40353 1.0729 0.565201
0.224398 -0.0426394 0.0605716 -1.87737 -0.336508 -0.665027 0.845674 -1.9292 -0.0760563 1.15581 0.492279 0.574555 -0.58894 -1.23792 -0.285816 -1.20793 -1.51579 -2.30452 0.553637 0.950273 -0.422632 -0.223742 -0.423416 0.791873 0.234784 -0.160689 -0.369946 0.0759953 -0.371712 0.306267 0.395079 -0.820247 0.649626 0.856806 -0.804705 -0.178049 -0.0120566 1.35101 0.0911959 -0.0352079 1.5445 1.88959 -0.264264 1.15575 1.92746 1.22894 -0.676327 0.0375314 1.62228 0.542097
-0.922817 -0.548525 -0.812837 0.916006 -0.0344942 1.39905 0.275087 -2.13185 1.44658 -0.399454 0.814959 0.654615 0.27626 0.459621 1.27075 -0.286756 -0.253867 -0.675556 -0.126014 -1.70739 -0.188203 -0.980707 -0.593979 0.897983 0.788466 -0.536648 1.1203 -0.862452 0.54052 -0.325834 0.00720223 0.212309 0.27057 0.550914 -1.31957 2.837 0.378734 0.802744 -1.30848 0.156042 0.926271 0.23501 0.521916 -0.615712 1.61689 -1.43566 -1.12909 0.0249879 0.259705 0.647213
-0.513066 -1.16061 -0.615388 -1.44344 -1.12563 -1.38874 -0.0836522 -1.87997 1.48703 1.41625 0.33147 0.0144 0.158658 1.30876 0.504621 -0.903908 -0.44113 0.709761 0.765169 0.218455 1.08193 0.630994 0.267926 -0.051826 0.983325 1.2725 -0.319888 -1.53005 1.47467 0.085426 -0.0905089 -0.323501 0.330015 0.773472 -0.0141786 -0.768879 -2.31972 0.350662 0.11155 -0.0603999 0.0902566 -0.559538 0.818072 0.999182 0.173434 -1.96219 -0.734392 0.662282 0.555782 -0.195431
-0.774915 0.475829 -0.500595 0.084597 -0.203985 0.139681 0.748839 -0.382838 1.34897 0.659757 -0.434208 0.216216 -0.69222 1.00151 -0.3947 -1.25955 -1.39492 0.474691 0.467244 1.15231 -1.77713 0.364274 0.653073 -2.80188 0.348137 0.665855 0.84119 1.2872 1.21539 0.393824 0.633038 -0.0104097 0.0648556 2.30568 -0.196655 0.574413 -1.3876 0.174254 1.25944 -0.133835 -0.681468 0.131617 0.894179 0.986081 0.508009 -0.876082 -1.10792 -0.226825 0.0368613 -0.834633
0.0834366 0.515068 0.31707 0.10032 -2.35989 -0.0826161 1.8726 -0.841521 2.24709 0.0574379 1.34395 -1.30371 -0.558076 1.05834 -0.685452 -0.215741 -1.44284 -1.10578 -0.00357775 -0.62139 0.148822 -1.15929 -0.875513 0.248624 0.75671 -0.862245 1.09228 0.0730686 0.474808 -1.4837 0.435427 -1.10477 -0.644111 0.798991 1.19801 -0.344099 -0.304549 -0.0111482 0.490543 1.24292 0.041089 -0.098914 -0.0525739 -0.185812 -0.0523349 0.590158 1.18682 0.503785 1.10722 0.719185
0.502776 1.10423 -0.988037 -0.98353 -0.518412 -0.172528 0.899014 -1.02808 -0.0153338 -0.028995 -1.03027 1.65057 -0.575017 0.35678 0.712327 -0.54337 -0.138629 0.533406 1.22511 0.531475 -1.47173 -0.805013 1.2725 1.92973 1.31233 0.638009 -0.476163 0.473328 1.35424 -0.659289 0.155838 -0.306853 0.67764 0.242762 -0.35303 -0.589305 -0.370668 -2.21719 -0.114817 -0.0413078 -3.5433 -0.334245 0.218963 -0.132335 0.408977 0.432259 -1.56326 0.0607509 -0.252131 0.689553
0.090723 0.492606 -0.102046 0.254392 1.69911 0.590674 -0.142621 -0.4108 -0.14294 0.0360624 -0.11889 -0.0538725 0.42341 1.17267 -1.37517 0.996762 -2.44857 0.0342999 -0.459581 1.70137 -2.48854 -1.42883 0.387836 -0.137665 1.29474 -1.19219 -0.0959763 0.0959709 -0.0852299 -1.40709 -1.76421 1.4979 0.809538 0.849939 -0.158585 1.4322 -1.02691 -0.481484 0.474869 0.881375 -0.739217 -0.194329 0.183974 0.913625 -1.10166 0.803761 -1.55646 0.577903 0.862041 -0.0546734
-0.719912 0.879275 -0.402823 0.257811 -0.230261 1.59267 0.657646 -0.447276 -0.183603 1.34972 0.533679 0.86772 -1.33215 -0.213439 1.39105 -0.17113 -2.01298 1.0693 -1.84291 0.534404 0.10853 -0.0728336 -0.123254 1.11684 0.830424 0.321066 -1.21403 0.459454 -0.0203571 0.89742 -1.14431 -1.39194 1.08021 -0.273872 0.757195 0.113822 -1.1387 1.52724 -0.924982 0.639828 1.07725 -0.933351 1.14731 1.9172 1.49798 -0.597163 0.301662 -0.411308 -0.662856 0.479938
